101,186020,1,0,0
101,186021,2,0,0
101,186027,3,0,0
101,186023,4,0,0
101,186003,5,0,0
101,186009,6,0,0
101,186073,7,0,0
101,186072,8,0,0
101,186071,9,0,0
101,186070,10,0,0
101,186069,11,0,0
101,186068,12,0,0
101,186006,13,0,0
101,186007,14,0,0
101,186008,15,0,0
101,186004,16,0,0
101,186010,17,0,0
101,186011,18,0,0
101,186012,19,0,0
101,186013,20,0,0
101,186000,21,0,0
101,186014,22,0,0
101,186015,23,0,0
101,186016,24,0,0
101,186017,25,0,0
101,186018,26,0,0
101,186019,27,0,0
101,186066,28,0,0
101,186002,29,0,0
101,186001,30,0,0
101,186065,31,0,0
101,186064,32,0,0
101,186024,33,0,0
101,186025,34,0,0
101,186026,35,0,0
101,186005,36,0,0
101,186022,37,0,0
101,186028,38,0,0
200,186020,1,0,0
200,186021,2,0,0
200,186029,3,0,0
200,186063,4,0,0
200,186067,5,0,0
200,186030,6,0,0
200,186031,7,0,0
200,186032,8,0,0
200,186033,9,0,0
200,186062,10,0,0
200,186034,11,0,0
200,186061,12,0,0
200,186060,13,0,0
200,186074,14,0,0
200,186036,15,0,0
200,186037,16,0,0
200,186038,17,0,0
200,186039,18,0,0
200,186040,19,0,0
200,186041,20,0,0
200,186024,21,0,0
200,186025,22,0,0
200,186026,23,0,0
200,186005,24,0,0
200,186022,25,0,0
200,186028,26,0,0
300,186020,1,0,0
300,186021,2,0,0
300,186059,3,0,0
300,186042,4,0,0
300,186058,5,0,0
300,186043,6,0,0
300,186044,7,0,0
300,186057,8,0,0
300,186045,9,0,0
300,186046,10,0,0
300,186047,11,0,0
300,186048,12,0,0
300,186049,13,0,0
300,186050,14,0,0
300,186051,15,0,0
300,186052,16,0,0
300,186056,17,0,0
300,186055,18,0,0
300,186053,19,0,0
300,186054,20,0,0
300,186028,21,0,0
400,186020,1,0,0
400,186021,2,0,0
400,186035,3,0,0
400,186076,4,0,0
400,186028,5,0,0
